8441114414. ι 81114215

Splendida, 4111.11111111114;’11 4* 411111.1111,3 13, 31 14411444444111
gerere, 1141114114 114111 444. 14, 2. 411114414431111411411 31114 1443411, 13

8111411441,4,4111,(1111111111) 1111111111 1111133414 8,4, 411411δῇ 1111 ·
4114111114, 411114114'1411’4, 44’1. 13, 54 414. ᾖ41ῑ11111ω11ἰῗ26ςπ4ξῖῖξῇῇ1ὶε2111ἑ311ἓ
· 41 4 4 11·
144444144444 ·4,,4444444 1..
4114 aliquem 11141, 34111 441 3141411 14111 311411114111411111 01141, 31143
4411113111,Τ111412,’6,1134134414114411, 8111144114 (Ρ’114. 4411141144)
11111411114448111 uam 4111111441 4433141431111114 34411418 2
rebus, 3411141113 111141 ,,414 3,2. 8411114111,4,1111144114414113111·
84144131141141111, 1114111441, 2. 111ἓ411111111111111μ144.1’,1;6,4,7,1,
13411111 Χῖτ13ἔ42111, ,14114111 1113 441 &fige ε1411, 111, m. (1411114134
1111 4 111 ·
4111111111 3111111413 ’31111’111111εῆ 3111111111, ’1311,111’.””1”111 3314
414,41181111311111,444.211,1. 4141114131414411114133 4111 1113111111
8’ 44141,1111,41 411 1111 411143 1134 411111 1111111114
11111199142111114,4,114414111111114111)ῐκ8ἰ414ε111ῐ11ὶ41,ῒὲ1)111ὅ Ubii& ἓωῖὲωῖ
Sponte, AblSiug ,41111111 1414113 ssam 1444141441 ’114114’1’1’411’11’131”411’1’
1141411441, 411, 41n4314144444811144 443 1 4, 4;- -21 11111 11114111 lui. 4441
11111Ρ141111411. 11114,444,141111411411344338411411111111114111 11144131
4431111141 4111111141, 43 31143111 1114111111 3) 1114413111. 4111411114, lg 2 5,
Sol 114, Cim. 3,3, 1141111111, 411311 1141111 rebus alicuine, 13 1111134111. 3411411
31111111, Μ114.’ 1, 4, ”Τ141141122, Lys.,l 5· ,Ρ114’1), 1, 2.
34411111,Α11’1.’1114)11111144111111’811111111414411111 comp
1113, 441 44131411, 141411. studiosius. Ag 3, 2.
84114114,41,1.(14144113114111114 8141111141, 4,11111,1)1141)411111
311141, 41,41441,3.11411111,Ε414 3441414411111114, 411111 ’3441441 44411,
’ 1,2;411111)’1111,’Μ1111’1,4; 11431111 41144141 411 444. 1, 2· ,1141111113 au 111-
(31111 4111141111 4. 3 1411113 411 41414111 111311. 3,’2;- -21114111 14141411, 111
4111, Eum. 11, 1· ,1111111141 111, 1’,,Ι1448 111113411.811111414411411044411111141
1411114 1411144111, 41 4111314111 11111 13141413301335
341441441410,2. 8141114111, 1,.11’(1141114 1) 41141
Stetere, ae, f 3141111, 11111413, 114443441141414119’44141'441, 4111,2,3’;
1141. 1,.3 411,1,2,11144,114.151111444441’
311141, 44, m. 443 414 411, 441 4118113413 34414141131114141411111,
3141111111, 11114111. 1, 3, 1143 11114114, cut. 3, 2; 14441411111111114111, 41411141
1114443 1414111314141141 11314111441314 3,111 444.
Stesagoras, 41, 3111441 413 16,4.-2)1141,11111141111’11141,
3111114413.143’44412,’41. studia, 414
8414141144,1,.11(14111111111111111 111411113141111111411, Alo. 11, 3, ’441
14411111 114111141341311111111111 412,,2
1111144·33141·1411111311413414111413,1111’8,41111 4141311131
(114.’,.12 8411141114, 41, f. 33413411, 1111
8411414414, 611111 (stipulor) munh
0311414331111114,1141111,4419,5. 3411114,11,1441, 2141311181443
3111111,114411111111113111111114314141
4141111111 411 1414411114 4311114111 4 ’34411111 4411 1 3114114141, 2111
1111 3111111 6414114414 Eun' 4413, 1111 1, ’43111411 11, 5
13,”3;”2’1’311”11’1’4’11111111113’111,’”111’1”111,”2’4’44’1,””1’11’11”11’1””1’4’41”1’1’4’1112”” ’14111
Ευωη631411111411111111,41.3,2;)111 1141411
841, ’11141 11544111, 144111131361141411441311111141111111111 utente·
1411111111,111 4441114111111131413411 tem, imparium redigere, 4. 1, 41

 

